; P something - NO CASING
; designation, diameter, length, delay, prop weight, loaded weight, manufacturer
P-7700-XX 150 1500 P 35 39.51 CTI
0.2 22391.1
0.4 22949.9
0.6 23815.3
0.8 23783.5
1.0 23379.8
1.2 23263.9
1.4 23207.9
1.6 22432.2
1.8 17509.2
2.0 6973.39
2.2 6760.31
2.4 6885.54
2.6 6937.87
2.8 6921.05
3.0 6960.3
3.2 6928.53
3.4 6990.21
3.6 7040.67
3.8 7100.48
4.0 7001.42
4.2 6986.47
4.4 7010.77
4.6 7051.88
4.8 6977.12
5.0 6975.25
5.2 7057.49
5.4 7003.29
5.6 6964.04
5.8 7007.03
6.0 6962.17
6.2 7059.36
6.4 7171.5
6.6 6932.27
6.8 5280.04
7.0 117.749
7.2 0
;
; CTI Pro-98 6GXL - NO CASING
; 21062 O3400-IM P
O3400-IM-XX 98 1239 P 11.272 13.273 CTI
   0.04 3959.811
   0.052 4432.624
   0.101 4515.366
   0.19 4420.804
   0.38 4391.253
   0.965 4444.444
   2.176 4698.582
   2.887 4592.199
   3.658 4225.768
   4.17 2854.61
   4.493 2559.102
   4.881 1619.385
   5.483 868.794
   6.137 248.227
   6.322 0.0
;
; P something
; designation, siam, length, delay, prop weight, loaded weight, manu
P-7700 150 1500 P 35 53.5 CTI
0.2 22391.1
0.4 22949.9
0.6 23815.3
0.8 23783.5
1.0 23379.8
1.2 23263.9
1.4 23207.9
1.6 22432.2
1.8 17509.2
2.0 6973.39
2.2 6760.31
2.4 6885.54
2.6 6937.87
2.8 6921.05
3.0 6960.3
3.2 6928.53
3.4 6990.21
3.6 7040.67
3.8 7100.48
4.0 7001.42
4.2 6986.47
4.4 7010.77
4.6 7051.88
4.8 6977.12
5.0 6975.25
5.2 7057.49
5.4 7003.29
5.6 6964.04
5.8 7007.03
6.0 6962.17
6.2 7059.36
6.4 7171.5
6.6 6932.27
6.8 5280.04
7.0 117.749
7.2 0
;
; CTI Pro-98 6GXL
; 21062 O3400-IM P
O3400-IM-P 98 1239 P 11.272 16.842 CTI
   0.04 3959.811
   0.052 4432.624
   0.101 4515.366
   0.19 4420.804
   0.38 4391.253
   0.965 4444.444
   2.176 4698.582
   2.887 4592.199
   3.658 4225.768
   4.17 2854.61
   4.493 2559.102
   4.881 1619.385
   5.483 868.794
   6.137 248.227
   6.322 0.0
;
;