
Scaled-J357WW 98 1219 P 10.898 14.398 Karman_AIAA
0.02 2728.50
0.03 4334.58
0.05 5577.38
0.06 6661.50
0.09 6862.29
0.13 6621.30
0.18 6340.33
0.24 6300.13
0.35 6581.10
0.50 6862.29
0.66 7022.87
0.87 7263.86
1.07 7544.83
1.46 8064.69
1.77 8386.07
1.86 8426.27
1.98 8468.15
2.18 8386.07
2.29 8225.49
2.41 7785.82
2.51 7464.65
2.55 7424.45
2.60 7303.85
2.65 7063.07
2.69 6541.11
2.75 5256.00
2.81 3692.23
2.84 2286.73
2.90 1123.47
2.92 441.56
2.95 0.00
;

Scaled-J357BS 98 1219 P 10.898 14.398 Karman_AIAA
0.02 16562.34
0.04 16190.16
0.05 14375.75
0.07 14003.56
0.12 13957.04
0.26 13863.98
0.47 13770.96
0.95 13026.57
1.24 12282.20
1.39 12003.07
1.45 11816.97
1.49 11119.10
1.51 10235.15
1.55 8653.37
1.61 6327.19
1.66 4326.67
1.72 1581.81
1.76 837.42
1.82 0.00
;
